With Respected to IonType 0 count: 151542---------
22, 18, 24, 22, 13, 0.000151773
21, 20, 21, 23, 14, 0.000145174
19, 22, 24, 23, 11, 0.000145174
20, 19, 22, 22, 16, 0.000138575
19, 20, 24, 22, 14, 0.000138575
22, 20, 21, 22, 14, 0.000138575
21, 21, 22, 21, 14, 0.000138575
23, 20, 22, 24, 10, 0.000138575
21, 20, 21, 24, 13, 0.000131977
23, 21, 21, 21, 13, 0.000131977
With Respected to IonType 1 count: 301717---------
24, 21, 22, 23, 9, 0.000152461
20, 21, 23, 24, 11, 0.000139203
23, 20, 24, 24, 8, 0.000135889
24, 20, 24, 23, 8, 0.000132575
21, 20, 22, 24, 12, 0.00012926
22, 22, 24, 21, 10, 0.00012926
21, 22, 23, 24, 9, 0.00012926
22, 22, 23, 23, 9, 0.00012926
22, 20, 23, 22, 12, 0.000125946
21, 20, 23, 25, 10, 0.000125946
With Respected to IonType 2 count: 301693---------
21, 23, 25, 21, 9, 0.000149158
21, 22, 23, 22, 11, 0.000142529
22, 22, 23, 23, 9, 0.000139214
23, 22, 22, 23, 9, 0.0001359
23, 20, 23, 24, 9, 0.000132585
22, 23, 21, 25, 8, 0.000132585
24, 22, 23, 22, 8, 0.000132585
22, 21, 22, 24, 10, 0.00012927
21, 18, 27, 23, 10, 0.00012927
22, 20, 23, 23, 11, 0.000125956
With Respected to IonType 3 count: 281721---------
20, 21, 23, 24, 11, 0.000145534
22, 20, 24, 23, 10, 0.000138435
23, 21, 22, 23, 10, 0.000138435
19, 22, 25, 23, 10, 0.000134885
24, 20, 23, 23, 9, 0.000134885
19, 22, 23, 23, 12, 0.000131336
23, 21, 22, 22, 11, 0.000131336
22, 22, 21, 24, 10, 0.000131336
23, 20, 23, 24, 9, 0.000131336
21, 22, 24, 23, 9, 0.000131336
With Respected to IonType 4 count: 287533---------
22, 21, 24, 22, 10, 0.000149548
21, 22, 25, 22, 9, 0.00014607
23, 21, 25, 21, 9, 0.000139114
21, 21, 23, 22, 12, 0.000135637
23, 19, 24, 23, 10, 0.000132159
22, 21, 23, 24, 9, 0.000128681
21, 24, 23, 22, 9, 0.000128681
21, 21, 22, 23, 12, 0.000125203
19, 22, 23, 24, 11, 0.000125203
20, 22, 23, 23, 11, 0.000125203
